              1    66.10567        103.2149      -0.3811152       0.3811152      -0.9435868E-01   0.9435868E-01  -0.6463280       0.6463280                1056   0.4178190      -0.4178190     
              2    11.06703        18.56525      -0.1098964       0.1098964       0.5625112      -0.5625112      -0.9091761       0.9091761                 276   0.7605357      -0.7605357     
              3    19.75608        38.09505      -0.1732481       0.1732481       0.1986032      -0.1986032      -0.7503375       0.7503375                 256   0.5445129      -0.5445129     
              4    3.244551        5.937541       0.5356275       0.5356275       0.5277963      -0.5277963       -3.140968        3.140968                  91   0.3246857      -0.3246857     
              5    89.97462        146.2841      -0.3135464       0.3135464      -0.1428400       0.1428400      -0.3346661       0.3346661                1144   0.4200706      -0.4200706     
              6    172.6519        272.0517      -0.3644491       0.3644491      -0.5431119       0.5431119      -0.5859821       0.5859821                 670   0.1624624      -0.1624624     
              7    3.624879        7.091761       0.9387072E-01   0.9387072E-01   0.7198908      -0.7198908       -1.038034        1.038034                 118   0.8036910      -0.8036910     
              8    92.38206        137.5758      -0.3250792       0.3250792      -0.9625643       0.9625643       -2.075743        2.075743                 168   0.2201796E-02  -0.2201796E-02 
              9    2.894129        6.780150      -0.1280683       0.1280683      -0.4682249       0.4682249       -1.792511        1.792511                 193   0.3691021      -0.3691021     
             10    191.1673        286.0631       0.2001735       0.2001735       0.5572937      -0.5572937      -0.6967986       0.6967986                 189   0.7128260      -0.7128260     
             11    106.1909        167.3042       0.3912239       0.3912239       0.3091803      -0.3091803       -3.251912        3.251912                 257   0.5222988      -0.5222988     
             12    23.38458        37.91145       0.4739984       0.4739984       0.4379199      -0.4379199       -3.130456        3.130456                 172   0.4634985      -0.4634985     
             13    5.722541        10.92403       0.3068762       0.3068762      -0.2131027       0.2131027       -3.631149        3.631149                 318   0.3609473      -0.3609473     
             14    14.26680        24.08230       0.2089044       0.2089044       0.7626429      -0.7626429       -1.069650        1.069650                  62   0.7650254      -0.7650254     
             15    267.0254        379.8881       0.1949778       0.1949778       0.7266296      -0.7266296      -0.3370990       0.3370990                 170   0.7738435      -0.7738435     
             16    67.77707        107.9200       0.2200740       0.2200740       0.7346396      -0.7346396      -0.2863061E-01   0.2863061E-01             138   0.7470671      -0.7470671     
             17    36.62843        57.35869       0.2678497E-01   0.2678497E-01   0.3515753      -0.3515753       -1.406370        1.406370                 299   0.6009839      -0.6009839     
             18    55.63530        79.60265      -0.1035844E-01   0.1035844E-01   0.4707976      -0.4707976      -0.5885247       0.5885247                 214   0.6993923      -0.6993923     
             19    101.9162        144.0487       0.2462482E-01   0.2462482E-01   0.4641862      -0.4641862      -0.7898681       0.7898681                 155   0.6525383      -0.6525383     
             20    12.71826        21.68232       0.9451906E-01   0.9451906E-01   0.1818062      -0.1818062       -1.696889        1.696889                 400   0.6119366      -0.6119366     
             21    4.976790        9.526803      -0.2393235       0.2393235       -2.667192        2.667192       -1.938803        1.938803                1890  -0.2245508       0.2245508     
             22    4.864788        10.12711      -0.5755727       0.5755727       -1.637906        1.637906      -0.9408906       0.9408906                 144  -0.3615584       0.3615584     
             23    43.89866        73.31452      -0.2613886       0.2613886       -3.074816        3.074816       -3.223236        3.223236                2259  -0.2992754       0.2992754     
             24    11.83288        24.83840      -0.3701934       0.3701934       -3.514498        3.514498       -4.055318        4.055318                1032  -0.3978337       0.3978337     
             25    57.31525        116.1286      -0.1312472       0.1312472       -3.089514        3.089514       -4.821342        4.821342                 908  -0.2930424       0.2930424     
             26    105.0058        156.9591       0.1963927       0.1963927       0.5470448      -0.5470448      -0.6055486       0.6055486                 525   0.6917944      -0.6917944     
             27    1.609614        3.949185      -0.7542472       0.7542472       -5.304808        5.304808      -0.7364236       0.7364236                 305  -0.9847491       0.9847491     
             28    12.27355        22.41480       0.1784449       0.1784449      -0.2868298       0.2868298       -1.441601        1.441601                 338   0.3803474      -0.3803474     
             29    5.379023        9.794526       0.4571729       0.4571729       0.4945462      -0.4945462       -1.568092        1.568092                 107   0.4095767      -0.4095767     
             30    70.18426        106.8979       0.3792009       0.3792009       0.4779650      -0.4779650       -2.462780        2.462780                  57   0.5575202      -0.5575202     
             31    202.7606        297.8923       0.2597077       0.2597077       0.5276523      -0.5276523       -1.090672        1.090672                 432   0.6469679      -0.6469679     
             32    9.117853        17.22538       0.3380855       0.3380855      -0.3785372E-01   0.3785372E-01   -1.615778        1.615778                 239   0.3026736      -0.3026736     
             33    3.285801        6.900439      -0.1595117E-01   0.1595117E-01  -0.8311445       0.8311445       -1.338580        1.338580                 331   0.2780005      -0.2780005     
             34    68.71870        105.4552       0.7523385E-01   0.7523385E-01  -0.5135660       0.5135660       -3.561787        3.561787                 475   0.3720384      -0.3720384     
             35    34.54084        51.87137       0.1944276       0.1944276      -0.1524085       0.1524085       -5.153384        5.153384                 560   0.4742208      -0.4742208     
             36    26.45336        39.74582       0.2510070       0.2510070      -0.1577320       0.1577320       -6.170860        6.170860                 492   0.4546180      -0.4546180     
             37    4.371809        9.142131      -0.4438270       0.4438270       -1.977201        1.977201       -1.150270        1.150270                 429  -0.9619176E-01   0.9619176E-01 
             38    3.691162        7.651742      -0.3801402       0.3801402       -1.490502        1.490502       -1.263014        1.263014                 450   0.3875667E-01  -0.3875667E-01 
             39    44.88118        64.70544       0.1563500       0.1563500      -0.3064954E-01   0.3064954E-01   -1.753491        1.753491                 396   0.5208484      -0.5208484     
             40    3.584458        8.417660      -0.1815354       0.1815354       -2.011464        2.011464       -1.768586        1.768586                 385  -0.5015492E-01   0.5015492E-01 
             41    6.242325        14.85289      -0.2510218       0.2510218       -3.025068        3.025068       -1.505620        1.505620                 366  -0.2904557       0.2904557     
             42    18.87360        30.89429       0.3434752       0.3434752       0.3869122      -0.3869122       -2.268054        2.268054                 333   0.5383258      -0.5383258     
             43    18.00588        31.56516       0.4321692       0.4321692       0.3888984      -0.3888984       -2.099366        2.099366                 524   0.4444214      -0.4444214     
             44    191.9349        273.9818       0.1652108       0.1652108      -0.8665562E-01   0.8665562E-01   -2.403146        2.403146                 435   0.4911867      -0.4911867     
             45    1.636493        3.552895       0.1890953       0.1890953      -0.6500963       0.6500963      -0.6059318       0.6059318                 350   0.2726995      -0.2726995     
             46    9.650350        26.27532       -1.003787        1.003787       -10.99134        10.99134      -0.9138129       0.9138129                 326   -1.949089        1.949089     
             47    1.861731        4.475145      -0.1116598       0.1116598      -0.9105637       0.9105637      -0.1675601       0.1675601                 354   0.2470132      -0.2470132     
             48    2.458380        6.223081      -0.2523031       0.2523031       -1.724279        1.724279       -1.408308        1.408308                 364  -0.1942503E-01   0.1942503E-01 
             49    341.5942        481.8620       0.1919145       0.1919145       0.5203114      -0.5203114      -0.8280902       0.8280902                 251   0.7080237      -0.7080237     
             50    20.85456        39.33850       0.4257450       0.4257450      -0.9043407E-01   0.9043407E-01   -2.365440        2.365440                 439   0.2776796      -0.2776796     
             51    5.551407        10.33735       0.5210821       0.5210821       0.1093598      -0.1093598       -2.320158        2.320158                 438   0.2086032      -0.2086032     
             52    1.922809        4.603487      -0.4809534       0.4809534       -3.702754        3.702754       -2.506825        2.506825                 896  -0.4437449       0.4437449     
             53    4.887922        9.448842       0.5919709       0.5919709       0.5635506E-01  -0.5635506E-01   -4.417594        4.417594                 374   0.9079820E-01  -0.9079820E-01 
             54    3.876105        8.476596       0.2964939       0.2964939      -0.7849610E-01   0.7849610E-01  -0.5429389       0.5429389                 330   0.3366107      -0.3366107     
             55    5.527991        11.34543       0.1229623       0.1229623       -1.243385        1.243385       -3.635794        3.635794                 456   0.1458836      -0.1458836     
             56    1.859336        5.138500      -0.6034507       0.6034507       -4.268390        4.268390       -1.701553        1.701553                 376  -0.6285108       0.6285108     
             57    56.36224        81.60825       0.5841718       0.5841718       0.7791162E-01  -0.7791162E-01   -4.530540        4.530540                 339   0.2518213      -0.2518213     
             58    28.90720        40.03098       0.6015080       0.6015080      -0.4867411E-01   0.4867411E-01   -6.729032        6.729032                 370   0.2337412      -0.2337412     
             59    24.17467        38.21640       0.6288896       0.6288896       0.1286032      -0.1286032       -4.881693        4.881693                 266   0.2176551      -0.2176551     
             60    66.53532        91.16124       0.4217610       0.4217610      -0.4193962E-01   0.4193962E-01   -4.274829        4.274829                 411   0.3978085      -0.3978085     
             61    3.559056        6.498460       0.3627169       0.3627169       0.3482770      -0.3482770       -1.854862        1.854862                 141   0.5414221      -0.5414221     
             62    1.934567        3.372373       0.6913443       0.6913443       0.6919557E-01  -0.6919557E-01   -4.610879        4.610879                 132   0.1445696      -0.1445696     
             63    511.3318        715.0823       0.8107328E-02   0.8107328E-02   0.6076634      -0.6076634      -0.9315002E-01   0.9315002E-01             341   0.6810564      -0.6810564     
             64    6.960309        14.38628       0.2044523       0.2044523      -0.9230447E-01   0.9230447E-01   -2.051956        2.051956                 428   0.4530236      -0.4530236     
             65    19.13247        28.83963       0.6895751       0.6895751      -0.5397300       0.5397300       -15.29571        15.29571                 355  -0.5982578E-01   0.5982578E-01 
             66    3.749388        6.349309       0.3484235       0.3484235       -1.208123        1.208123       -10.02406        10.02406                 242   0.1136669      -0.1136669     
             67    8.969993        14.57447       0.6875618       0.6875618       0.6323439E-01  -0.6323439E-01   -6.559673        6.559673                 526   0.1257233      -0.1257233     
             68    25.81985        43.75836       0.7018213       0.7018213      -0.1253169       0.1253169       -4.078682        4.078682                 596   0.4373580E-01  -0.4373580E-01 
             69    1037.638        1392.231       0.1633571       0.1633571       0.5666299      -0.5666299      -0.4701091       0.4701091                 271   0.7314202      -0.7314202     
             70    653.7462        884.2089       0.9292456E-01   0.9292456E-01   0.5448561      -0.5448561      -0.6613535       0.6613535                 325   0.6798959      -0.6798959     
             71    23.56393        37.24551       0.6286501       0.6286501      -0.7839012E-01   0.7839012E-01   -12.15064        12.15064                1067   0.2009112      -0.2009112     
             72    16.94023        27.79741       0.4425175       0.4425175       0.1536235      -0.1536235       -4.024789        4.024789                 402   0.3774688      -0.3774688     
             73    21.13158        37.46696       0.5111789       0.5111789       0.1926106      -0.1926106       -3.735761        3.735761                 283   0.2563405      -0.2563405     
             74    79.04745        115.7932       0.5532610       0.5532610      -0.1770821       0.1770821       -6.622262        6.622262                1225   0.2320241      -0.2320241     
             75    230.6709        311.6823       0.5352019       0.5352019      -0.3569328       0.3569328       -5.767789        5.767789                 456   0.2836024      -0.2836024     
             76    36.68457        52.78466       0.3217959       0.3217959      -0.1876374       0.1876374       -6.686378        6.686378                1022   0.4470685      -0.4470685     
             77    11.95500        16.58648       0.4505305       0.4505305      -0.3039980       0.3039980       -13.48988        13.48988                 955   0.3745973      -0.3745973     
             78    20.38981        28.46512       0.3435142       0.3435142      -0.2711023       0.2711023       -11.14504        11.14504                 906   0.4228047      -0.4228047     
             79    8.113605        14.23158      -0.5908885       0.5908885      -0.7785199       0.7785199      -0.9554249       0.9554249                 545   0.5748487E-01  -0.5748487E-01 
             80    11.06448        19.48853       -1.509748        1.509748       -8.738200        8.738200       -15.88650        15.88650                 798   -1.526376        1.526376     
             81    22.85961        38.05660       0.4734905       0.4734905      -0.2176408       0.2176408       -7.033768        7.033768                 713   0.1711181      -0.1711181     
