              1    70.86435        97.57608      -0.4592153       0.4592153       0.2191961E-01  -0.2191961E-01  -0.6583114       0.6583114                 743   0.3923619      -0.3923619     
              2    10.13753        16.77998       0.2863526E-01   0.2863526E-01   0.6426004      -0.6426004      -0.3095702       0.3095702                 345   0.7422699      -0.7422699     
              3    15.97005        26.53878       0.6426303E-02   0.6426303E-02   0.6110628      -0.6110628      -0.2335386       0.2335386                 437   0.8053353      -0.8053353     
              4    3.397318        6.137441       0.5627604       0.5627604       0.4954448      -0.4954448       -1.221799        1.221799                  56   0.2390425      -0.2390425     
              5    87.16611        124.9335      -0.3090905       0.3090905       0.1663979      -0.1663979      -0.1700970       0.1700970                1296   0.5356193      -0.5356193     
              6    131.8815        193.6283      -0.2738736       0.2738736       0.2183154      -0.2183154      -0.7424188E-01   0.7424188E-01             542   0.4905055      -0.4905055     
              7    4.453606        10.17667       0.1086059       0.1086059       0.4231785      -0.4231785       0.4636148      -0.4636148                 126   0.6728696      -0.6728696     
              8    64.37041        92.33839      -0.1520907       0.1520907       0.1158568      -0.1158568      -0.7846947       0.7846947                  71   0.3614118      -0.3614118     
              9    2.839674        7.357294       0.9139223E-01   0.9139223E-01  -0.7288618       0.7288618       -1.760222        1.760222                 802   0.3047352      -0.3047352     
             10    120.0541        184.5203       0.5707121E-01   0.5707121E-01   0.8158011      -0.8158011       0.5029449      -0.5029449                 116   0.8773702      -0.8773702     
             11    48.29518        77.05496       0.6835593E-01   0.6835593E-01   0.8534549      -0.8534549       0.5187067      -0.5187067                 466   0.8772343      -0.8772343     
             12    14.04716        24.88128       0.2011786       0.2011786       0.7578861      -0.7578861       0.5610580      -0.5610580                 485   0.7531935      -0.7531935     
             13    5.503206        11.30702       0.1541611       0.1541611      -0.2996594       0.2996594      -0.2096043       0.2096043                 369   0.3725963      -0.3725963     
             14    14.69563        29.57773       0.1211602       0.1211602       0.6419548      -0.6419548       0.6536907      -0.6536907                 368   0.7854208      -0.7854208     
             15    197.4426        293.7581       0.1135783       0.1135783       0.8365363      -0.8365363       0.4788217      -0.4788217                 115   0.8605428      -0.8605428     
             16    59.04970        103.9775       0.1343729       0.1343729       0.7536739      -0.7536739       0.6762140      -0.6762140                 644   0.8125538      -0.8125538     
             17    38.98755        63.84391       0.1202564       0.1202564       0.1966233      -0.1966233       -1.283634        1.283634                 867   0.5190173      -0.5190173     
             18    41.95517        63.66112      -0.6415855E-01   0.6415855E-01   0.6615324      -0.6615324       0.4556218      -0.4556218                 400   0.7925698      -0.7925698     
             19    77.77624        120.5281      -0.3291482E-01   0.3291482E-01   0.6248764      -0.6248764       0.3223663      -0.3223663                 814   0.7143793      -0.7143793     
             20    12.74108        23.90142       0.7961560E-01   0.7961560E-01   0.5720317E-02  -0.5720317E-02  -0.1854490       0.1854490                 902   0.5468303      -0.5468303     
             21    5.557981        12.51619      -0.3158988       0.3158988       -5.330021        5.330021       -1.399193        1.399193                1924  -0.6602298       0.6602298     
             22    5.167911        11.61470      -0.4486562       0.4486562       -2.470116        2.470116      -0.4306862       0.4306862                 722  -0.4774181       0.4774181     
             23    42.62549        72.42428      -0.2220426       0.2220426       -2.976759        2.976759       -1.990789        1.990789                1819  -0.2661687       0.2661687     
             24    11.32017        25.71574      -0.2834706       0.2834706       -3.839106        3.839106       -2.169807        2.169807                1340  -0.4245715       0.4245715     
             25    56.03684        120.1019      -0.1045890       0.1045890       -3.342760        3.342760       -2.398094        2.398094                1256  -0.3391349       0.3391349     
             26    78.75665        129.7849       0.1229004       0.1229004       0.6903039      -0.6903039       0.5774257      -0.5774257                 442   0.7719228      -0.7719228     
             27    1.771969        5.517392      -0.6874488       0.6874488       -11.30653        11.30653      -0.5505919       0.5505919                 563   -1.859182        1.859182     
             28    11.67275        22.87069       0.2821988       0.2821988      -0.3397818       0.3397818      -0.9934310       0.9934310                 431   0.3613626      -0.3613626     
             29    5.160642        9.662563       0.3534392       0.3534392       0.5080628      -0.5080628       0.3920692      -0.3920692                 787   0.4929228      -0.4929228     
             30    47.60120        71.87155       0.2101042       0.2101042       0.7640200      -0.7640200       0.1257683      -0.1257683                 513   0.7448002      -0.7448002     
             31    150.9314        239.9349       0.1700713       0.1700713       0.6935693      -0.6935693       0.4059067      -0.4059067                 375   0.7484428      -0.7484428     
             32    8.958373        17.78351       0.4142190       0.4142190      -0.1062570       0.1062570      -0.9509869       0.9509869                 275   0.2901104      -0.2901104     
             33    3.402278        8.619565       0.9760639E-01   0.9760639E-01   -1.857322        1.857322      -0.8588777       0.8588777                 982   0.1347482E-02  -0.1347482E-02 
             34    67.11230        108.5286       0.1204212       0.1204212      -0.6032287       0.6032287       -2.121046        2.121046                1478   0.3424923      -0.3424923     
             35    34.84921        56.76236       0.1929642       0.1929642      -0.3801129       0.3801129       -2.985780        2.985780                1547   0.3972500      -0.3972500     
             36    25.97607        42.02215       0.2125844       0.2125844      -0.2942549       0.2942549       -3.198647        3.198647                1732   0.4241180      -0.4241180     
             37    4.281739        10.89970      -0.2885132       0.2885132       -3.232111        3.232111       -1.201276        1.201276                1097  -0.3739601       0.3739601     
             38    3.562514        9.079384      -0.2251545       0.2251545       -2.506643        2.506643       -1.241803        1.241803                 897  -0.1918526       0.1918526     
             39    30.95474        46.38498       0.9640072E-01   0.9640072E-01   0.4703529      -0.4703529      -0.6277347E-01   0.6277347E-01             265   0.7319462      -0.7319462     
             40    4.021006        11.06704      -0.1575314       0.1575314       -4.205720        4.205720       -3.487388        3.487388                 813  -0.5591100       0.5591100     
             41    6.547859        16.15952      -0.2631874       0.2631874       -4.197164        4.197164       -2.813323        2.813323                 929  -0.5753486       0.5753486     
             42    18.90111        32.63720       0.3081346       0.3081346       0.3157609      -0.3157609      -0.3629187       0.3629187                1855   0.5597963      -0.5597963     
             43    15.81675        26.34923       0.2652285       0.2652285       0.5741659      -0.5741659       0.3797352E-02  -0.3797352E-02             983   0.6068246      -0.6068246     
             44    151.0183        216.6505       0.1610197       0.1610197       0.3205153      -0.3205153      -0.7680438       0.7680438                 516   0.6414801      -0.6414801     
             45    1.633732        3.858041       0.2373302       0.2373302       -1.073306        1.073306       -1.535285        1.535285                 897   0.1832638      -0.1832638     
             46    13.63100        45.58316       -1.365533        1.365533       -35.08999        35.08999       -1.463041        1.463041                 901   -4.377157        4.377157     
             47    2.113709        6.499287      -0.1717906       0.1717906       -3.199134        3.199134      -0.5580201       0.5580201                 464  -0.3382766       0.3382766     
             48    3.256351        10.79660      -0.3872771       0.3872771       -7.200235        7.200235       -2.792641        2.792641                1079   -1.141526        1.141526     
             49    237.5102        342.3854       0.1279646       0.1279646       0.7578087      -0.7578087       0.1252182      -0.1252182                 161   0.8048177      -0.8048177     
             50    24.68756        51.16679       0.3498242       0.3498242      -0.8449135       0.8449135       -4.300364        4.300364                1175   0.2045217      -0.2045217     
             51    6.176486        11.95931       0.5603407       0.5603407      -0.1921797       0.1921797       -3.207779        3.207779                 855   0.1993585      -0.1993585     
             52    2.555368        8.866008       -1.039404        1.039404       -16.44385        16.44385       -2.645405        2.645405                1315   -2.325106        2.325106     
             53    5.296546        10.13120       0.6552349       0.6552349      -0.8495629E-01   0.8495629E-01   -4.054466        4.054466                1085   0.1034890      -0.1034890     
             54    4.891154        12.95260       0.1315415       0.1315415       -1.518327        1.518327       -1.333032        1.333032                 324   0.8890915E-01  -0.8890915E-01 
             55    7.535461        19.82224      -0.1834112       0.1834112       -5.848280        5.848280       -5.577723        5.577723                 617  -0.7916296       0.7916296     
             56    2.888215        10.67752       -1.342528        1.342528       -26.08661        26.08661       -2.972827        2.972827                 705   -3.497943        3.497943     
             57    27.42597        43.04532       0.1688253       0.1688253       0.7434038      -0.7434038      -0.1955466       0.1955466                 316   0.7969218      -0.7969218     
             58    13.07278        16.82462       0.2265275       0.2265275       0.8147066      -0.8147066      -0.9879937       0.9879937                 113   0.7646818      -0.7646818     
             59    11.47676        18.67763       0.1536564       0.1536564       0.7918279      -0.7918279       0.2001648      -0.2001648                 170   0.8141216      -0.8141216     
             60    48.20277        104.0255      -0.4400820E-01   0.4400820E-01  -0.3569961       0.3569961      -0.2305250       0.2305250                 456   0.3891696      -0.3891696     
             61    4.256632        11.55248       0.1754872       0.1754872       -1.059648        1.059648       0.2548612      -0.2548612                 444   0.1598972      -0.1598972     
             62    1.701112        3.383453       0.5172958       0.5172958       0.6306064E-01  -0.6306064E-01   0.1800022      -0.1800022                 443   0.3008459      -0.3008459     
             63    377.8382        553.1834      -0.2230250E-01   0.2230250E-01   0.7652049      -0.7652049       0.3358873      -0.3358873                 776   0.7880818      -0.7880818     
             64    6.817980        15.25591      -0.1049371       0.1049371      -0.2283869       0.2283869      -0.3603226       0.3603226                 948   0.4559122      -0.4559122     
             65    14.84361        23.99809       0.5139543       0.5139543      -0.6623662E-01   0.6623662E-01   -8.124799        8.124799                 367   0.1684718      -0.1684718     
             66    4.239938        10.42225       0.2460997       0.2460997       -4.949721        4.949721       -4.822392        4.822392                 702  -0.7604252       0.7604252     
             67    5.572383        9.397423       0.3466065       0.3466065       0.6105360      -0.6105360       -1.084481        1.084481                 135   0.5397889      -0.5397889     
             68    11.39958        17.99068       0.2693594       0.2693594       0.8097627      -0.8097627       0.7900548E-01  -0.7900548E-01             548   0.6971852      -0.6971852     
             69    732.3444        1001.906       0.9027820E-01   0.9027820E-01   0.7755600      -0.7755600      -0.4162025E-01   0.4162025E-01             163   0.8522237      -0.8522237     
             70    475.5678        687.8762       0.1488161E-01   0.1488161E-01   0.7245370      -0.7245370      -0.3124177E-01   0.3124177E-01             592   0.7738729      -0.7738729     
             71    18.47746        28.77778       0.3365974       0.3365974       0.3561615      -0.3561615       -3.080701        3.080701                1450   0.5388705      -0.5388705     
             72    19.71804        30.54290       0.4784121       0.4784121      -0.2197993E-01   0.2197993E-01   -3.488380        3.488380                1242   0.3863890      -0.3863890     
             73    20.03984        33.89289       0.4794195       0.4794195       0.3392079      -0.3392079      -0.7322898       0.7322898                 257   0.3568413      -0.3568413     
             74    71.46100        109.0666       0.2903967       0.2903967      -0.4430902E-01   0.4430902E-01   -2.525573        2.525573                1203   0.3996981      -0.3996981     
             75    159.7955        228.0971       0.3440838       0.3440838       0.2732629      -0.2732629       -1.527554        1.527554                 448   0.5106616      -0.5106616     
             76    39.73374        58.18201       0.3263932       0.3263932      -0.4432956       0.4432956       -3.026411        3.026411                1279   0.3788579      -0.3788579     
             77    14.04022        20.72917       0.4354735       0.4354735       -1.037109        1.037109       -6.282051        6.282051                1331   0.1938412      -0.1938412     
             78    24.23771        36.65407       0.3363576       0.3363576       -1.108141        1.108141       -5.533967        5.533967                1411   0.1701198      -0.1701198     
             79    9.114433        18.49775      -0.6491896       0.6491896       -2.004938        2.004938      -0.2395445       0.2395445                 826  -0.3067889       0.3067889     
             80    12.18752        25.85296       -1.473666        1.473666       -16.78179        16.78179       -12.16844        12.16844                 871   -2.485597        2.485597     
             81    18.49955        35.32328       0.3161096       0.3161096      -0.4907835E-01   0.4907835E-01  -0.5389700       0.5389700                 582   0.3882623      -0.3882623     
