              1    71.23145        98.79610      -0.4603703       0.4603703      -0.2660871E-02   0.2660871E-02  -0.6913141       0.6913141                 699   0.3892537      -0.3892537     
              2    10.17077        16.78085       0.2762521E-01   0.2762521E-01   0.6425678      -0.6425678      -0.2944709       0.2944709                 344   0.7480481      -0.7480481     
              3    16.18063        26.84688       0.5389174E-02   0.5389174E-02   0.6019859      -0.6019859      -0.2308099       0.2308099                 436   0.8032386      -0.8032386     
              4    3.428321        6.133978       0.5626633       0.5626633       0.4960343      -0.4960343       -1.283690        1.283690                 291   0.2514823      -0.2514823     
              5    87.62718        125.9190      -0.3102837       0.3102837       0.1532139      -0.1532139      -0.2044942       0.2044942                1287   0.5316151      -0.5316151     
              6    134.0402        196.3486      -0.2750358       0.2750358       0.1961952      -0.1961952      -0.1124036       0.1124036                 541   0.4766594      -0.4766594     
              7    4.359750        9.942123       0.1080063       0.1080063       0.4494745      -0.4494745       0.4817695      -0.4817695                 133   0.6847522      -0.6847522     
              8    64.18874        92.24226      -0.1530094       0.1530094       0.1177318      -0.1177318      -0.7557642       0.7557642                  71   0.3618938      -0.3618938     
              9    2.800608        7.104927       0.8957689E-01   0.8957689E-01  -0.6122518       0.6122518       -1.692133        1.692133                 802   0.3404598      -0.3404598     
             10    119.8778        184.4014       0.5649405E-01   0.5649405E-01   0.8160414      -0.8160414       0.5065186      -0.5065186                 117   0.8773631      -0.8773631     
             11    48.25407        77.00581       0.6773886E-01   0.6773886E-01   0.8536482      -0.8536482       0.5203416      -0.5203416                 467   0.8773893      -0.8773893     
             12    13.98326        24.73040       0.2009184       0.2009184       0.7608226      -0.7608226       0.5661862      -0.5661862                 433   0.7532737      -0.7532737     
             13    5.510972        11.31954       0.1523351       0.1523351      -0.3025361       0.3025361      -0.2093209       0.2093209                 370   0.3730337      -0.3730337     
             14    14.65810        29.54266       0.1207750       0.1207750       0.6428050      -0.6428050       0.6550326      -0.6550326                 358   0.7858056      -0.7858056     
             15    197.2497        293.4792       0.1130067       0.1130067       0.8368472      -0.8368472       0.4802951      -0.4802951                 151   0.8611975      -0.8611975     
             16    58.86724        103.6441       0.1338610       0.1338610       0.7552509      -0.7552509       0.6774843      -0.6774843                 643   0.8134480      -0.8134480     
             17    38.82941        63.75441       0.1191646       0.1191646       0.1989098      -0.1989098       -1.234750        1.234750                 862   0.5196652      -0.5196652     
             18    44.15938        66.43144      -0.6487446E-01   0.6487446E-01   0.6314353      -0.6314353       0.4032565      -0.4032565                 392   0.7611966      -0.7611966     
             19    80.55183        123.8735      -0.3370801E-01   0.3370801E-01   0.6037656      -0.6037656       0.2756128      -0.2756128                 815   0.6912419      -0.6912419     
             20    12.74614        23.94582       0.7849350E-01   0.7849350E-01   0.2059698E-02  -0.2059698E-02  -0.1841434       0.1841434                 904   0.5457913      -0.5457913     
             21    5.558197        12.50877      -0.3169959       0.3169959       -5.322211        5.322211       -1.397816        1.397816                1924  -0.6591455       0.6591455     
             22    5.147693        11.58475      -0.4497523       0.4497523       -2.451919        2.451919      -0.4217024       0.4217024                 724  -0.4742676       0.4742676     
             23    42.71144        72.69209      -0.2233720       0.2233720       -3.005919        3.005919       -2.000194        2.000194                1819  -0.2705008       0.2705008     
             24    11.32558        25.63060      -0.2854013       0.2854013       -3.807076        3.807076       -2.173714        2.173714                1340  -0.4202180       0.4202180     
             25    55.73223        119.0083      -0.1059948       0.1059948       -3.262671        3.262671       -2.364444        2.364444                1257  -0.3221363       0.3221363     
             26    79.20579        129.9058       0.1222445       0.1222445       0.6897303      -0.6897303       0.5558819      -0.5558819                 442   0.7803659      -0.7803659     
             27    1.771610        5.518016      -0.6889301       0.6889301       -11.30900        11.30900      -0.5428312       0.5428312                 568   -1.860569        1.860569     
             28    11.63708        22.81930       0.2810710       0.2810710      -0.3336935       0.3336935      -0.9758664       0.9758664                 645   0.3638197      -0.3638197     
             29    5.131474        9.605823       0.3534367       0.3534367       0.5138353      -0.5138353       0.3951940      -0.3951940                 828   0.4936181      -0.4936181     
             30    47.58646        71.80882       0.2096068       0.2096068       0.7644321      -0.7644321       0.1234972      -0.1234972                 512   0.7459689      -0.7459689     
             31    151.1935        239.6566       0.1694445       0.1694445       0.6942810      -0.6942810       0.3888251      -0.3888251                 375   0.7534246      -0.7534246     
             32    8.950448        17.77788       0.4136547       0.4136547      -0.1054993       0.1054993      -0.9464215       0.9464215                 274   0.2914842      -0.2914842     
             33    3.399448        8.592518       0.9717633E-01   0.9717633E-01   -1.839292        1.839292      -0.8534825       0.8534825                 971   0.5827785E-02  -0.5827785E-02 
             34    67.31721        109.0147       0.1194458       0.1194458      -0.6174661       0.6174661       -2.068869        2.068869                1479   0.3381429      -0.3381429     
             35    34.79292        56.70825       0.1923324       0.1923324      -0.3773478       0.3773478       -2.974442        2.974442                1545   0.3980758      -0.3980758     
             36    25.91236        41.96779       0.2122207       0.2122207      -0.2907944       0.2907944       -3.182546        3.182546                1521   0.4252937      -0.4252937     
             37    4.276905        10.92590      -0.2915634       0.2915634       -3.252338        3.252338       -1.185356        1.185356                1098  -0.3798090       0.3798090     
             38    3.561967        9.118721      -0.2282210       0.2282210       -2.536994        2.536994       -1.225780        1.225780                 898  -0.2001777       0.2001777     
             39    30.51503        45.67873       0.9562734E-01   0.9562734E-01   0.4863618      -0.4863618      -0.3010845E-01   0.3010845E-01             242   0.7388823      -0.7388823     
             40    4.023943        11.13425      -0.1606768       0.1606768       -4.268864        4.268864       -3.472524        3.472524                 813  -0.5724782       0.5724782     
             41    6.540344        16.09880      -0.2660825       0.2660825       -4.152447        4.152447       -2.787452        2.787452                 929  -0.5678657       0.5678657     
             42    18.86054        32.56179       0.3079476       0.3079476       0.3189435      -0.3189435      -0.3557751       0.3557751                1856   0.5607618      -0.5607618     
             43    15.85707        26.46245       0.2649616       0.2649616       0.5705056      -0.5705056       0.4701376E-02  -0.4701376E-02             983   0.6074446      -0.6074446     
             44    152.0380        218.1992       0.1603278       0.1603278       0.3107845      -0.3107845      -0.7876061       0.7876061                 517   0.6392694      -0.6392694     
             45    1.633458        3.857404       0.2360031       0.2360031       -1.074191        1.074191       -1.522251        1.522251                 898   0.1834670      -0.1834670     
             46    13.67295        45.64143       -1.370045        1.370045       -35.18182        35.18182       -1.491114        1.491114                 901   -4.385814        4.385814     
             47    2.112777        6.496833      -0.1740240       0.1740240       -3.196400        3.196400      -0.5478505       0.5478505                 464  -0.3388468       0.3388468     
             48    3.262771        10.85699      -0.3905595       0.3905595       -7.291983        7.291983       -2.778368        2.778368                1043   -1.157106        1.157106     
             49    238.0556        342.8928       0.1272603       0.1272603       0.7570983      -0.7570983       0.1122134      -0.1122134                 134   0.8089230      -0.8089230     
             50    24.66564        50.97810       0.3484843       0.3484843      -0.8311774       0.8311774       -4.278851        4.278851                1177   0.2085645      -0.2085645     
             51    6.164103        11.95225       0.5596535       0.5596535      -0.1906457       0.1906457       -3.186051        3.186051                 921   0.2008422      -0.2008422     
             52    2.558947        8.881920       -1.043547        1.043547       -16.50619        16.50619       -2.644340        2.644340                1316   -2.333149        2.333149     
             53    5.295373        10.14956       0.6550554       0.6550554      -0.8879352E-01   0.8879352E-01   -4.045455        4.045455                1087   0.1037177      -0.1037177     
             54    4.883673        12.82932       0.1295594       0.1295594       -1.470490        1.470490       -1.311251        1.311251                 325   0.1007257      -0.1007257     
             55    7.534044        19.70406      -0.1862446       0.1862446       -5.766640        5.766640       -5.533838        5.533838                 618  -0.7779298       0.7779298     
             56    2.892028        10.70141       -1.347772        1.347772       -26.21758        26.21758       -2.963876        2.963876                 705   -3.511254        3.511254     
             57    27.55949        43.04004       0.1680272       0.1680272       0.7435220      -0.7435220      -0.2089285       0.2089285                 315   0.7975938      -0.7975938     
             58    13.28645        17.02789       0.2254857       0.2254857       0.8102553      -0.8102553       -1.022011        1.022011                 117   0.7654868      -0.7654868     
             59    11.60166        18.93893       0.1533394       0.1533394       0.7859932      -0.7859932       0.2024079      -0.2024079                 170   0.8121255      -0.8121255     
             60    48.16003        103.3513      -0.4505860E-01   0.4505860E-01  -0.3392264       0.3392264      -0.2369628       0.2369628                 458   0.3933336      -0.3933336     
             61    4.154105        11.33410       0.1755928       0.1755928      -0.9825120       0.9825120       0.3025700      -0.3025700                 444   0.1821764      -0.1821764     
             62    1.703975        3.389513       0.5175704       0.5175704       0.5970854E-01  -0.5970854E-01   0.1794841      -0.1794841                 444   0.3001065      -0.3001065     
             63    379.6651        553.8752      -0.2312815E-01   0.2312815E-01   0.7646194      -0.7646194       0.3214586      -0.3214586                 778   0.7823146      -0.7823146     
             64    6.805879        15.19322      -0.1047865       0.1047865      -0.2182778       0.2182778      -0.3570443       0.3570443                 949   0.4593039      -0.4593039     
             65    15.10963        24.22585       0.5135742       0.5135742      -0.8648324E-01   0.8648324E-01   -8.198487        8.198487                 385   0.1666881      -0.1666881     
             66    4.240458        10.49379       0.2455494       0.2455494       -5.031639        5.031639       -4.815450        4.815450                 705  -0.7763585       0.7763585     
             67    5.570724        9.400381       0.3465515       0.3465515       0.6102952      -0.6102952       -1.083154        1.083154                 136   0.5396050      -0.5396050     
             68    11.40189        17.99899       0.2692199       0.2692199       0.8096080      -0.8096080       0.8050460E-01  -0.8050460E-01             546   0.6973847      -0.6973847     
             69    733.5858        1001.079       0.8943892E-01   0.8943892E-01   0.7759356      -0.7759356      -0.5962229E-01   0.5962229E-01             163   0.8502497      -0.8502497     
             70    476.5627        688.2747       0.1404846E-01   0.1404846E-01   0.7242198      -0.7242198      -0.5171883E-01   0.5171883E-01             589   0.7684689      -0.7684689     
             71    18.50666        28.89481       0.3363992       0.3363992       0.3509654      -0.3509654       -3.074566        3.074566                1415   0.5378455      -0.5378455     
             72    19.61040        30.33669       0.4780935       0.4780935      -0.8071661E-02   0.8071661E-02   -3.452692        3.452692                 994   0.3898731      -0.3898731     
             73    20.19992        33.55917       0.4786277       0.4786277       0.3522485      -0.3522485      -0.7720337       0.7720337                 257   0.3752692      -0.3752692     
             74    71.37967        109.0338       0.2900797       0.2900797      -0.4367018E-01   0.4367018E-01   -2.519331        2.519331                1204   0.4000348      -0.4000348     
             75    159.7056        228.0578       0.3435092       0.3435092       0.2735192      -0.2735192       -1.524023        1.524023                 447   0.5109487      -0.5109487     
             76    39.97325        58.98136       0.3258610       0.3258610      -0.4828523       0.4828523       -2.996355        2.996355                1292   0.3667896      -0.3667896     
             77    14.03888        20.74211       0.4352275       0.4352275       -1.039270        1.039270       -6.260108        6.260108                1331   0.1933790      -0.1933790     
             78    24.22031        36.68351       0.3360218       0.3360218       -1.111038        1.111038       -5.513603        5.513603                1411   0.1690474      -0.1690474     
             79    9.152351        18.72741      -0.6503612       0.6503612       -2.079696        2.079696      -0.2387850       0.2387850                 826  -0.3287526       0.3287526     
             80    12.18793        25.86643       -1.474715        1.474715       -16.79771        16.79771       -12.12821        12.12821                 871   -2.487680        2.487680     
             81    18.50871        35.36034       0.3158619       0.3158619      -0.5121553E-01   0.5121553E-01  -0.5339124       0.5339124                 582   0.3886087      -0.3886087     
