              1    74.75350        106.7636      -0.5683492       0.5683492      -0.1709033       0.1709033      -0.8530637       0.8530637                1054   0.2949886      -0.2949886     
              2    10.90173        18.48279      -0.1229278       0.1229278       0.5663890      -0.5663890      -0.6845224       0.6845224                 276   0.7569926      -0.7569926     
              3    19.57097        38.03382      -0.1815859       0.1815859       0.2011769      -0.2011769      -0.5940506       0.5940506                 256   0.5436812      -0.5436812     
              4    2.999706        5.696104       0.4857515       0.4857515       0.5654174      -0.5654174       -2.272119        2.272119                  75   0.3655818      -0.3655818     
              5    95.40527        147.7142      -0.4381691       0.4381691      -0.1652941       0.1652941      -0.3487715       0.3487715                1144   0.3675481      -0.3675481     
              6    169.1949        271.8711      -0.4298746       0.4298746      -0.5410626       0.5410626      -0.4019233       0.4019233                 669   0.1603092      -0.1603092     
              7    3.481413        6.978312       0.7167494E-01   0.7167494E-01   0.7287813      -0.7287813      -0.8458754       0.8458754                 118   0.8158835      -0.8158835     
              8    91.67370        137.1721      -0.3330825       0.3330825      -0.9510649       0.9510649       -1.797963        1.797963                 167   0.4039705E-02  -0.4039705E-02 
              9    2.894129        6.780150      -0.1280683       0.1280683      -0.4682249       0.4682249       -1.792511        1.792511                 193   0.3691021      -0.3691021     
             10    126.8544        205.6920       0.2774974E-01   0.2774974E-01   0.7711098      -0.7711098      -0.1021264       0.1021264                 185   0.8516876      -0.8516876     
             11    55.81739        89.07779       0.7163239E-01   0.7163239E-01   0.8041653      -0.8041653       -2.457136        2.457136                 260   0.8220916      -0.8220916     
             12    13.55937        22.04403       0.2085397       0.2085397       0.8099625      -0.8099625       -2.444436        2.444436                 172   0.7742469      -0.7742469     
             13    5.359245        10.64995       0.1608030       0.1608030      -0.1529943       0.1529943       -3.191378        3.191378                 318   0.4299892      -0.4299892     
             14    12.02524        21.22681       0.1316162       0.1316162       0.8155935      -0.8155935      -0.8253473       0.8253473                  62   0.8400764      -0.8400764     
             15    190.3050        284.7076       0.7392033E-01   0.7392033E-01   0.8464541      -0.8464541       0.1105157      -0.1105157                 172   0.8954492      -0.8954492     
             16    54.09002        93.68855       0.1263413       0.1263413       0.8000118      -0.8000118       0.2372710      -0.2372710                 139   0.8343725      -0.8343725     
             17    36.51208        57.26406       0.2449418E-01   0.2449418E-01   0.3537132      -0.3537132       -1.326486        1.326486                 299   0.6020018      -0.6020018     
             18    47.46700        72.89552      -0.1053026       0.1053026       0.5562195      -0.5562195      -0.2714479       0.2714479                 218   0.7201226      -0.7201226     
             19    84.12630        127.3423      -0.7464046E-01   0.7464046E-01   0.5812630      -0.5812630      -0.4031965       0.4031965                 157   0.6816500      -0.6816500     
             20    12.03003        21.18014       0.4628418E-01   0.4628418E-01   0.2192673      -0.2192673       -1.166245        1.166245                 401   0.6341848      -0.6341848     
             21    4.976790        9.526803      -0.2393235       0.2393235       -2.667192        2.667192       -1.938803        1.938803                1890  -0.2245508       0.2245508     
             22    4.864788        10.12711      -0.5755727       0.5755727       -1.637906        1.637906      -0.9408906       0.9408906                 144  -0.3615584       0.3615584     
             23    43.70381        73.22929      -0.2896005       0.2896005       -3.065351        3.065351       -2.721034        2.721034                2257  -0.3034183       0.3034183     
             24    11.83288        24.83840      -0.3701934       0.3701934       -3.514498        3.514498       -4.055318        4.055318                1032  -0.3978337       0.3978337     
             25    57.31525        116.1286      -0.1312472       0.1312472       -3.089514        3.089514       -4.821342        4.821342                 908  -0.2930424       0.2930424     
             26    83.50583        135.2282       0.8453849E-01   0.8453849E-01   0.6637850      -0.6637850      -0.7479167E-01   0.7479167E-01             502   0.7791564      -0.7791564     
             27    1.609614        3.949185      -0.7542472       0.7542472       -5.304808        5.304808      -0.7364236       0.7364236                 305  -0.9847491       0.9847491     
             28    12.17724        22.34160       0.1709415       0.1709415      -0.2784393       0.2784393       -1.135587        1.135587                 339   0.3849076      -0.3849076     
             29    4.477683        8.640308       0.3609299       0.3609299       0.6066558      -0.6066558      -0.7597640       0.7597640                 107   0.4963052      -0.4963052     
             30    45.13478        66.48913       0.1962254       0.1962254       0.7980415      -0.7980415       -1.292249        1.292249                  62   0.7661152      -0.7661152     
             31    154.7436        241.1499       0.1353835       0.1353835       0.6904597      -0.6904597      -0.3755399       0.3755399                 378   0.7643610      -0.7643610     
             32    9.021111        17.13890       0.3287024       0.3287024      -0.2745831E-01   0.2745831E-01   -1.193790        1.193790                 240   0.3100564      -0.3100564     
             33    3.285801        6.900439      -0.1595117E-01   0.1595117E-01  -0.8311445       0.8311445       -1.338580        1.338580                 331   0.2780005      -0.2780005     
             34    65.41193        102.2581       0.3418523E-01   0.3418523E-01  -0.4231819       0.4231819       -1.223883        1.223883                 477   0.4031417      -0.4031417     
             35    31.34565        48.67776       0.1248335       0.1248335      -0.1487458E-01   0.1487458E-01   -1.915135        1.915135                 561   0.5362028      -0.5362028     
             36    23.35281        36.52308       0.1608856       0.1608856       0.2240294E-01  -0.2240294E-01   -2.463175        2.463175                 493   0.5402680      -0.5402680     
             37    4.371809        9.142131      -0.4438270       0.4438270       -1.977201        1.977201       -1.150270        1.150270                 429  -0.9619176E-01   0.9619176E-01 
             38    3.691162        7.651742      -0.3801402       0.3801402       -1.490502        1.490502       -1.263014        1.263014                 450   0.3875667E-01  -0.3875667E-01 
             39    36.79895        55.99672       0.3107189E-01   0.3107189E-01   0.2281107      -0.2281107      -0.3726915       0.3726915                 396   0.6390260      -0.6390260     
             40    3.584458        8.417660      -0.1815354       0.1815354       -2.011464        2.011464       -1.768586        1.768586                 385  -0.5015492E-01   0.5015492E-01 
             41    6.242325        14.85289      -0.2510218       0.2510218       -3.025068        3.025068       -1.505620        1.505620                 366  -0.2904557       0.2904557     
             42    16.46293        27.81636       0.2730019       0.2730019       0.5029879      -0.5029879      -0.3363855       0.3363855                 332   0.6098634      -0.6098634     
             43    13.15637        24.21010       0.2486059       0.2486059       0.6405069      -0.6405069      -0.3918461       0.3918461                 523   0.6183845      -0.6183845     
             44    171.7946        252.5813       0.9164663E-01   0.9164663E-01   0.7647055E-01  -0.7647055E-01  -0.4488324       0.4488324                 435   0.5612797      -0.5612797     
             45    1.636493        3.552895       0.1890953       0.1890953      -0.6500963       0.6500963      -0.6059318       0.6059318                 350   0.2726995      -0.2726995     
             46    9.650350        26.27532       -1.003787        1.003787       -10.99134        10.99134      -0.9138129       0.9138129                 326   -1.949089        1.949089     
             47    1.861731        4.475145      -0.1116598       0.1116598      -0.9105637       0.9105637      -0.1675601       0.1675601                 354   0.2470132      -0.2470132     
             48    2.458380        6.223081      -0.2523031       0.2523031       -1.724279        1.724279       -1.408308        1.408308                 364  -0.1942503E-01   0.1942503E-01 
             49    272.6732        406.9713       0.9091898E-01   0.9091898E-01   0.6578302      -0.6578302       0.9119660E-01  -0.9119660E-01             242   0.8025380      -0.8025380     
             50    20.76023        39.26714       0.4216767       0.4216767      -0.8648109E-01   0.8648109E-01   -2.189845        2.189845                 439   0.2809097      -0.2809097     
             51    5.551407        10.33735       0.5210821       0.5210821       0.1093598      -0.1093598       -2.320158        2.320158                 438   0.2086032      -0.2086032     
             52    1.922809        4.603487      -0.4809534       0.4809534       -3.702754        3.702754       -2.506825        2.506825                 896  -0.4437449       0.4437449     
             53    4.887922        9.448842       0.5919709       0.5919709       0.5635506E-01  -0.5635506E-01   -4.417594        4.417594                 374   0.9079820E-01  -0.9079820E-01 
             54    3.876105        8.476596       0.2964939       0.2964939      -0.7849610E-01   0.7849610E-01  -0.5429389       0.5429389                 330   0.3366107      -0.3366107     
             55    5.527991        11.34543       0.1229623       0.1229623       -1.243385        1.243385       -3.635794        3.635794                 456   0.1458836      -0.1458836     
             56    1.859336        5.138500      -0.6034507       0.6034507       -4.268390        4.268390       -1.701553        1.701553                 376  -0.6285108       0.6285108     
             57    26.53985        34.53107       0.1914707       0.1914707       0.8349088      -0.8349088       -3.252666        3.252666                 167   0.7982525      -0.7982525     
             58    14.62421        18.47178       0.2251814       0.2251814       0.7767120      -0.7767120       -5.134942        5.134942                 172   0.7600722      -0.7600722     
             59    11.14013        16.19089       0.1506583       0.1506583       0.8435925      -0.8435925       -3.894543        3.894543                 164   0.8179383      -0.8179383     
             60    37.30812        54.28358       0.8347312E-01   0.8347312E-01   0.6305469      -0.6305469       -3.053720        3.053720                 324   0.7754318      -0.7754318     
             61    3.370990        6.300399       0.3276680       0.3276680       0.3873985      -0.3873985       -1.626210        1.626210                 143   0.5766966      -0.5766966     
             62    1.748435        3.136416       0.6135190       0.6135190       0.1948915      -0.1948915       -4.015573        4.015573                 131   0.2410657      -0.2410657     
             63    419.0318        634.9916      -0.8848561E-01   0.8848561E-01   0.6906267      -0.6906267       0.1658251      -0.1658251                 345   0.6965164      -0.6965164     
             64    6.580980        13.14949      -0.1176504       0.1176504       0.8743328E-01  -0.8743328E-01   -1.468076        1.468076                 249   0.5609633      -0.5609633     
             65    14.69233        23.66702       0.4929306       0.4929306      -0.3693664E-01   0.3693664E-01   -7.410929        7.410929                 335   0.2021102      -0.2021102     
             66    3.470866        6.104908       0.2730551       0.2730551       -1.041403        1.041403       -8.739090        8.739090                 242   0.1579298      -0.1579298     
             67    5.298878        9.136285       0.3467377       0.3467377       0.6318841      -0.6318841       -3.903117        3.903117                 526   0.5363132      -0.5363132     
             68    11.39740        17.84990       0.2661937       0.2661937       0.8127491      -0.8127491       -2.295221        2.295221                 837   0.6989490      -0.6989490     
             69    772.7742        1109.885       0.4934817E-01   0.4934817E-01   0.7245821      -0.7245821       0.1130291      -0.1130291                 216   0.8270963      -0.8270963     
             70    496.1456        735.4933      -0.2968307E-01   0.2968307E-01   0.6850824      -0.6850824      -0.2363812       0.2363812                 323   0.7204649      -0.7204649     
             71    15.81069        25.79646       0.3242393       0.3242393       0.4826924      -0.4826924       -3.672207        3.672207                 987   0.5389134      -0.5389134     
             72    16.78909        27.65405       0.4370492       0.4370492       0.1623306      -0.1623306       -2.547510        2.547510                 403   0.3816057      -0.3816057     
             73    19.64470        36.66743       0.4678812       0.4678812       0.2267020      -0.2267020      -0.1668206       0.1668206                 284   0.2731683      -0.2731683     
             74    67.72857        102.9254       0.2831623       0.2831623       0.6999242E-01  -0.6999242E-01   -4.488700        4.488700                1206   0.4455969      -0.4455969     
             75    148.5914        221.7206       0.3284983       0.3284983       0.3133329      -0.3133329      -0.7716589       0.7716589                 446   0.5087645      -0.5087645     
             76    35.83383        51.83892       0.3085015       0.3085015      -0.1454601       0.1454601       -2.954159        2.954159                1023   0.4613795      -0.4613795     
             77    11.49897        16.03837       0.4262011       0.4262011      -0.2192407       0.2192407       -5.917614        5.917614                 955   0.4039015      -0.4039015     
             78    19.58658        27.54156       0.3189279       0.3189279      -0.1899570       0.1899570       -4.180539        4.180539                 906   0.4522676      -0.4522676     
             79    7.864565        14.21000      -0.6757498       0.6757498      -0.7731309       0.7731309       0.1155207      -0.1155207                 545   0.2986640E-01  -0.2986640E-01 
             80    11.01933        19.48297       -1.530752        1.530752       -8.730176        8.730176       -9.581734        9.581734                 798   -1.532043        1.532043     
             81    17.90828        33.73405       0.3157941       0.3157941       0.4325551E-01  -0.4325551E-01  -0.1830213       0.1830213                 811   0.2934686      -0.2934686     
