              1    80.24446        115.1886      -0.6776931       0.6776931      -0.3632288       0.3632288      -0.6335974       0.6335974                 953   0.1861761      -0.1861761     
              2    12.05115        18.38555      -0.2295908       0.2295908       0.5708503      -0.5708503       0.2943826      -0.2943826                 542   0.6686968      -0.6686968     
              3    17.84299        29.00343      -0.2667535       0.2667535       0.5353848      -0.5353848       0.2978609      -0.2978609                 727   0.6641887      -0.6641887     
              4    3.284747        6.620359       0.4342525       0.4342525       0.4128203      -0.4128203      -0.1763564       0.1763564                 241   0.3166136      -0.3166136     
              5    103.2561        155.3471      -0.5798732       0.5798732      -0.2890633       0.2890633      -0.2080705       0.2080705                1616   0.2546443      -0.2546443     
              6    174.3884        247.6988      -0.5091007       0.5091007      -0.2794536       0.2794536       0.3227884E-01  -0.3227884E-01             638   0.2335948      -0.2335948     
              7    5.345108        12.52238       0.6515485E-01   0.6515485E-01   0.1264731      -0.1264731       0.5300851      -0.5300851                1222   0.5903919      -0.5903919     
              8    54.14909        78.87542      -0.2716615       0.2716615       0.3547422      -0.3547422       0.2487593      -0.2487593                 140   0.4604194      -0.4604194     
              9    3.319508        8.731310      -0.4857468E-01   0.4857468E-01   -1.435323        1.435323      -0.7274415       0.7274415                 973   0.1033637      -0.1033637     
             10    163.8658        258.5370      -0.1561785       0.1561785       0.6383136      -0.6383136       0.6770949      -0.6770949                 155   0.6917605      -0.6917605     
             11    54.18079        92.36724      -0.3046543E-01   0.3046543E-01   0.7893878      -0.7893878       0.7466481      -0.7466481                 422   0.8004571      -0.8004571     
             12    13.95182        26.52038       0.1161523       0.1161523       0.7248788      -0.7248788       0.7258282      -0.7258282                 923   0.8221946      -0.8221946     
             13    6.403561        13.03662       0.2774415E-02   0.2774415E-02  -0.7280247       0.7280247      -0.1110727       0.1110727                 704   0.2504648      -0.2504648     
             14    17.24441        37.04847       0.2110248E-01   0.2110248E-01   0.4381573      -0.4381573       0.7325386      -0.7325386                1273   0.7299732      -0.7299732     
             15    311.1505        465.8067      -0.7781427E-01   0.7781427E-01   0.5889128      -0.5889128       0.5725812      -0.5725812                 170   0.7708498      -0.7708498     
             16    78.03610        141.0954       0.2499272E-01   0.2499272E-01   0.5463275      -0.5463275       0.6834080      -0.6834080                 524   0.7759379      -0.7759379     
             17    45.28815        85.08475      -0.2950397       0.2950397      -0.4270285       0.4270285      -0.8715165E-01   0.8715165E-01            1446   0.2126562      -0.2126562     
             18    42.72025        66.88580      -0.2122828       0.2122828       0.6263073      -0.6263073       0.5825667      -0.5825667                 623   0.6388866      -0.6388866     
             19    89.59859        147.6254      -0.2295589       0.2295589       0.4371479      -0.4371479       0.4807696      -0.4807696                 599   0.4767667      -0.4767667     
             20    12.80167        25.50342      -0.5740848E-01   0.5740848E-01  -0.1321663       0.1321663      -0.2182603E-01   0.2182603E-01             955   0.5020545      -0.5020545     
             21    6.407228        13.28574      -0.7326611       0.7326611       -6.133310        6.133310       -1.241973        1.241973                1769  -0.8743546       0.8743546     
             22    5.622800        13.09561      -0.7606246       0.7606246       -3.411759        3.411759      -0.1130003       0.1130003                1114  -0.7067261       0.7067261     
             23    45.28668        74.89783      -0.4373868       0.4373868       -3.253126        3.253126       -1.817024        1.817024                2339  -0.3488599       0.3488599     
             24    13.88643        29.48135      -0.8461415       0.8461415       -5.361093        5.361093       -2.019599        2.019599                1429  -0.8186203       0.8186203     
             25    67.81175        157.7633      -0.7569287       0.7569287       -6.436083        6.436083       -1.041781        1.041781                 937   -1.029227        1.029227     
             26    62.03178        107.8941      -0.1370595E-01   0.1370595E-01   0.7859269      -0.7859269       0.7675542      -0.7675542                 835   0.8904323      -0.8904323     
             27    2.251701        6.647812       -1.692405        1.692405       -16.86836        16.86836      -0.6812012E-01   0.6812012E-01             593   -2.829775        2.829775     
             28    8.329823        17.04605       0.8741149E-01   0.8741149E-01   0.2556457      -0.2556457       0.2307004      -0.2307004                1066   0.6429500      -0.6429500     
             29    4.792094        8.852558       0.2954750       0.2954750       0.5870233      -0.5870233       0.6046920      -0.6046920                 688   0.5400183      -0.5400183     
             30    45.26178        70.46678       0.7159616E-01   0.7159616E-01   0.7731068      -0.7731068       0.4877759      -0.4877759                 475   0.8683828      -0.8683828     
             31    115.8677        192.1802       0.2321036E-01   0.2321036E-01   0.8033721      -0.8033721       0.6903584      -0.6903584                 859   0.8982539      -0.8982539     
             32    6.589046        13.35834       0.2393566       0.2393566       0.3757101      -0.3757101       0.2426503      -0.2426503                 460   0.5885943      -0.5885943     
             33    3.522325        9.213250      -0.1607455       0.1607455       -2.264927        2.264927      -0.1296884       0.1296884                 843  -0.9990168E-01   0.9990168E-01 
             34    62.68177        116.5095      -0.4056578       0.4056578      -0.8478713       0.8478713      -0.3135216       0.3135216                1270   0.1683229E-01  -0.1683229E-01 
             35    32.27496        62.89352      -0.2911763       0.2911763      -0.6945474       0.6945474      -0.6277273       0.6277273                1544   0.7527733E-01  -0.7527733E-01 
             36    23.60139        43.77687      -0.2104549       0.2104549      -0.4047548       0.4047548      -0.9793241       0.9793241                1988   0.2196347      -0.2196347     
             37    5.074579        13.63454       -1.352128        1.352128       -5.623240        5.623240       0.7196438E-01  -0.7196438E-01             802   -1.391588        1.391588     
             38    3.952642        10.87453       -1.208406        1.208406       -4.031139        4.031139       0.1588209      -0.1588209                 769   -1.070481        1.070481     
             39    21.94178        31.98232      -0.9628006E-01   0.9628006E-01   0.7481527      -0.7481527       0.5024372      -0.5024372                  96   0.7511854      -0.7511854     
             40    4.607507        15.56926       -1.147271        1.147271       -9.304264        9.304264      -0.3154492E-01   0.3154492E-01             952   -1.811202        1.811202     
             41    8.156584        22.50211       -1.147967        1.147967       -6.998346        6.998346      -0.6875288E-01   0.6875288E-01             957   -1.458562        1.458562     
             42    17.11958        33.67031       0.1278281E-01   0.1278281E-01   0.2716610      -0.2716610       0.3801550      -0.3801550                1888   0.6281811      -0.6281811     
             43    15.10093        24.84842       0.9496240E-01   0.9496240E-01   0.6212454      -0.6212454       0.3494855      -0.3494855                 821   0.7843764      -0.7843764     
             44    121.9177        178.4289      -0.2037186       0.2037186       0.5390376      -0.5390376       0.2348557      -0.2348557                 101   0.5957661      -0.5957661     
             45    1.658787        4.873463      -0.3952471       0.3952471       -2.002986        2.002986       0.2816252      -0.2816252                1098  -0.1829364       0.1829364     
             46    18.85341        58.91932       -2.942150        2.942150       -59.30609        59.30609      -0.3262007       0.3262007                 826   -6.455050        6.455050     
             47    2.289802        7.957638      -0.9155568       0.9155568       -5.202938        5.202938       0.2852764      -0.2852764                 485   -1.101976        1.101976     
             48    3.877784        14.24754       -1.355908        1.355908       -13.28271        13.28271       0.7967782E-01  -0.7967782E-01             895   -2.371662        2.371662     
             49    219.9897        320.3693      -0.1571050       0.1571050       0.7879161      -0.7879161       0.5786033      -0.5786033                  94   0.7676864      -0.7676864     
             50    22.10248        62.86853      -0.3684348       0.3684348       -1.785628        1.785628       0.1627135      -0.1627135                1372  -0.1864920       0.1864920     
             51    5.092589        11.15878       0.1491270       0.1491270      -0.3803194E-01   0.3803194E-01   0.1462885      -0.1462885                1365   0.5183944      -0.5183944     
             52    3.745485        12.32157       -2.599030        2.599030       -32.69753        32.69753       -1.257367        1.257367                1271   -4.347445        4.347445     
             53    4.423404        9.077140       0.3370931       0.3370931       0.1289570      -0.1289570       0.6173402E-01  -0.6173402E-01             934   0.4507794      -0.4507794     
             54    5.323715        15.56023      -0.8081008       0.8081008       -2.634933        2.634933       0.3652096E-01  -0.3652096E-01             273  -0.5146400       0.5146400     
             55    9.438489        28.88548       -1.518469        1.518469       -13.54487        13.54487      -0.4889772       0.4889772                 599   -2.398473        2.398473     
             56    4.428970        15.64723       -3.299775        3.299775       -56.96216        56.96216       -1.016659        1.016659                 967   -6.395795        6.395795     
             57    28.15450        47.77374       0.1232067       0.1232067       0.6839260      -0.6839260       0.2795179      -0.2795179                 547   0.7977957      -0.7977957     
             58    13.11496        17.83072       0.2308903       0.2308903       0.7918715      -0.7918715      -0.4717644       0.4717644                 165   0.7583832      -0.7583832     
             59    12.77656        21.05041       0.1698956       0.1698956       0.7355821      -0.7355821       0.2134942      -0.2134942                 231   0.7857580      -0.7857580     
             60    50.57011        123.6833      -0.2573108       0.2573108      -0.9184558       0.9184558       0.5410924      -0.5410924                 690   0.1116916      -0.1116916     
             61    4.796436        14.62936      -0.4592946       0.4592946       -2.303526        2.303526       0.5300986      -0.5300986                 772  -0.3101138       0.3101138     
             62    1.647483        3.399579       0.3609222       0.3609222       0.5391419E-01  -0.5391419E-01   0.2280385      -0.2280385                 243   0.4394395      -0.4394395     
             63    612.5467        915.8784      -0.2571936       0.2571936       0.3562701      -0.3562701       0.4360512      -0.4360512                 477   0.5088490      -0.5088490     
             64    6.106916        13.99770      -0.5290129       0.5290129      -0.3430045E-01   0.3430045E-01   0.2927671      -0.2927671                 949   0.2832207      -0.2832207     
             65    14.08293        22.65522       0.4296007       0.4296007       0.4956204E-01  -0.4956204E-01   -3.908231        3.908231                 235   0.2965729      -0.2965729     
             66    4.143999        13.37567      -0.3075511       0.3075511       -8.801509        8.801509      -0.1847789       0.1847789                 972   -1.577708        1.577708     
             67    5.340630        9.059908       0.3022053       0.3022053       0.6379330      -0.6379330      -0.4066147       0.4066147                 737   0.6163423      -0.6163423     
             68    11.70225        18.58915       0.2872293       0.2872293       0.7968809      -0.7968809       0.1452661      -0.1452661                 559   0.6824028      -0.6824028     
             69    917.3035        1304.447      -0.1552268       0.1552268       0.6194817      -0.6194817       0.3418644      -0.3418644                 251   0.6449848      -0.6449848     
             70    686.9881        1032.556      -0.2194090       0.2194090       0.3792022      -0.3792022       0.2955740      -0.2955740                 509   0.4970357      -0.4970357     
             71    16.16727        24.54504       0.1920846       0.1920846       0.5315577      -0.5315577      -0.6149293       0.6149293                2055   0.7015487      -0.7015487     
             72    16.68600        28.27282       0.3307249       0.3307249       0.1242549      -0.1242549      -0.6536646       0.6536646                1311   0.5041319      -0.5041319     
             73    14.64748        27.39224       0.2710545       0.2710545       0.5683538      -0.5683538       0.3031183      -0.3031183                 403   0.5552388      -0.5552388     
             74    73.42990        112.1793       0.2790374       0.2790374      -0.1048160       0.1048160       -2.216087        2.216087                1209   0.3989088      -0.3989088     
             75    133.8600        176.4809       0.2231619       0.2231619       0.5648727      -0.5648727      -0.4143916       0.4143916                 336   0.7152137      -0.7152137     
             76    29.56020        44.35191       0.2589198       0.2589198       0.1613584      -0.1613584      -0.6603266       0.6603266                1308   0.5785168      -0.5785168     
             77    11.09485        16.65772       0.3687724       0.3687724      -0.3154949       0.3154949       -2.182579        2.182579                1966   0.3959005      -0.3959005     
             78    17.73606        27.35419       0.2760991       0.2760991      -0.1740708       0.1740708       -1.541284        1.541284                1738   0.4538010      -0.4538010     
             79    13.02566        23.66479       -1.232410        1.232410       -3.918841        3.918841      -0.7091142       0.7091142                 826  -0.9115403       0.9115403     
             80    15.99086        30.36678       -2.499583        2.499583       -23.23414        23.23414       -9.614717        9.614717                 954   -3.373387        3.373387     
             81    14.17033        31.05626       0.1258967       0.1258967       0.1889286      -0.1889286       0.3398136      -0.3398136                 406   0.5842788      -0.5842788     
