              1    60.79116        92.11369      -0.2760945       0.2760945       0.1283883      -0.1283883      -0.3865129       0.3865129                 701   0.5227218      -0.5227218     
              2    10.20564        16.77684       0.4071242E-01   0.4071242E-01   0.6427389      -0.6427389      -0.3530022       0.3530022                 344   0.7481430      -0.7481430     
              3    16.22146        26.84188       0.1375617E-01   0.1375617E-01   0.6021340      -0.6021340      -0.2712352       0.2712352                 436   0.8031976      -0.8031976     
              4    3.620484        6.314694       0.6121266       0.6121266       0.4659014      -0.4659014       -1.858143        1.858143                 289   0.2113174      -0.2113174     
              5    78.83508        120.5745      -0.1875952       0.1875952       0.2235707      -0.2235707      -0.5469942E-01   0.5469942E-01            1105   0.6061114      -0.6061114     
              6    128.3780        191.7848      -0.2106186       0.2106186       0.2331288      -0.2331288      -0.9087741E-01   0.9087741E-01             541   0.4944385      -0.4944385     
              7    4.481078        10.01598       0.1299567       0.1299567       0.4412648      -0.4412648       0.3987244      -0.3987244                 133   0.6742669      -0.6742669     
              8    64.56863        92.47119      -0.1451642       0.1451642       0.1133474      -0.1133474      -0.7929721       0.7929721                  71   0.3613776      -0.3613776     
              9    2.800612        7.104936       0.8957548E-01   0.8957548E-01  -0.6122559       0.6122559       -1.692134        1.692134                 802   0.3404586      -0.3404586     
             10    165.6173        249.1587       0.2260735       0.2260735       0.6641508      -0.6641508       0.2398405      -0.2398405                 190   0.7320464      -0.7320464     
             11    94.76255        154.9597       0.3819132       0.3819132       0.4073636      -0.4073636      -0.4410636E-01   0.4410636E-01             503   0.5453219      -0.5453219     
             12    22.58005        38.15647       0.4626448       0.4626448       0.4306309      -0.4306309       0.9701580E-01  -0.9701580E-01             465   0.4499633      -0.4499633     
             13    5.917983        11.63221       0.2956407       0.2956407      -0.3754869       0.3754869      -0.5287610       0.5287610                 369   0.3123475      -0.3123475     
             14    16.55175        31.70623       0.1968246       0.1968246       0.5885702      -0.5885702       0.4697156      -0.4697156                 604   0.7231216      -0.7231216     
             15    244.9016        352.1943       0.2321636       0.2321636       0.7650343      -0.7650343       0.3135672      -0.3135672                 145   0.7492832      -0.7492832     
             16    69.39086        112.4795       0.2263162       0.2263162       0.7117438      -0.7117438       0.5529099      -0.5529099                 929   0.7348180      -0.7348180     
             17    38.93940        63.83116       0.1214241       0.1214241       0.1969795      -0.1969795       -1.285535        1.285535                 862   0.5184284      -0.5184284     
             18    47.61884        69.38102       0.2886160E-01   0.2886160E-01   0.5979799      -0.5979799       0.3059848      -0.3059848                 393   0.7530446      -0.7530446     
             19    93.70340        135.6127       0.6417469E-01   0.6417469E-01   0.5251067      -0.5251067       0.9162670E-01  -0.9162670E-01             612   0.6667880      -0.6667880     
             20    13.22007        24.40294       0.1263400       0.1263400      -0.3640366E-01   0.3640366E-01  -0.3098850       0.3098850                 676   0.5235088      -0.5235088     
             21    5.558199        12.50877      -0.3169965       0.3169965       -5.322212        5.322212       -1.397817        1.397817                1924  -0.6591456       0.6591456     
             22    5.147672        11.58474      -0.4497542       0.4497542       -2.451914        2.451914      -0.4217021       0.4217021                 724  -0.4742672       0.4742672     
             23    42.66927        72.83028      -0.1953824       0.1953824       -3.021168        3.021168       -2.073483        2.073483                1754  -0.2689332       0.2689332     
             24    11.32556        25.63060      -0.2853988       0.2853988       -3.807074        3.807074       -2.173711        2.173711                1340  -0.4202173       0.4202173     
             25    55.73230        119.0083      -0.1059967       0.1059967       -3.262675        3.262675       -2.364445        2.364445                1257  -0.3221372       0.3221372     
             26    94.78687        146.0882       0.2326545       0.2326545       0.6076152      -0.6076152       0.3163520      -0.3163520                 415   0.6929277      -0.6929277     
             27    1.771609        5.518016      -0.6889316       0.6889316       -11.30900        11.30900      -0.5428257       0.5428257                 568   -1.860569        1.860569     
             28    11.72679        22.89236       0.2885400       0.2885400      -0.3422470       0.3422470       -1.153733        1.153733                 644   0.3584540      -0.3584540     
             29    5.818233        10.61521       0.4484616       0.4484616       0.4062940      -0.4062940      -0.7456541E-02   0.7456541E-02             873   0.4077121      -0.4077121     
             30    70.23023        105.6037       0.3902875       0.3902875       0.4905296      -0.4905296      -0.4907342       0.4907342                 515   0.5483365      -0.5483365     
             31    189.8372        284.8472       0.2921851       0.2921851       0.5681157      -0.5681157       0.3565013E-01  -0.3565013E-01             377   0.6403624      -0.6403624     
             32    9.045197        17.86349       0.4229932       0.4229932      -0.1161722       0.1161722       -1.166353        1.166353                 274   0.2835320      -0.2835320     
             33    3.399446        8.592517       0.9717557E-01   0.9717557E-01   -1.839291        1.839291      -0.8534833       0.8534833                 971   0.5827725E-02  -0.5827725E-02 
             34    70.70079        112.1623       0.1601834       0.1601834      -0.7122146       0.7122146       -2.905018        2.905018                1478   0.3053642      -0.3053642     
             35    38.05515        59.68707       0.2613855       0.2613855      -0.5258487       0.5258487       -4.393028        4.393028                1544   0.3390170      -0.3390170     
             36    28.93619        44.96077       0.3016401       0.3016401      -0.4814689       0.4814689       -4.743918        4.743918                1520   0.3446831      -0.3446831     
             37    4.276911        10.92591      -0.2915661       0.2915661       -3.252352        3.252352       -1.185353        1.185353                1098  -0.3798133       0.3798133     
             38    3.561973        9.118739      -0.2282238       0.2282238       -2.537008        2.537008       -1.225778        1.225778                 898  -0.2001818       0.2001818     
             39    38.04397        54.74161       0.2195121       0.2195121       0.2623252      -0.2623252      -0.5954472       0.5954472                 268   0.6104879      -0.6104879     
             40    4.023944        11.13425      -0.1606767       0.1606767       -4.268863        4.268863       -3.472528        3.472528                 813  -0.5724782       0.5724782     
             41    6.540344        16.09880      -0.2660826       0.2660826       -4.152447        4.152447       -2.787455        2.787455                 929  -0.5678657       0.5678657     
             42    21.27019        35.27766       0.3777141       0.3777141       0.2005968      -0.2005968       -1.042223        1.042223                2049   0.4878383      -0.4878383     
             43    19.54266        32.81640       0.4455833       0.4455833       0.3394902      -0.3394902      -0.7334365       0.7334365                 984   0.4372789      -0.4372789     
             44    170.0617        239.1497       0.2329292       0.2329292       0.1720809      -0.1720809       -1.421362        1.421362                 516   0.5663497      -0.5663497     
             45    1.633458        3.857405       0.2360034       0.2360034       -1.074192        1.074192       -1.522260        1.522260                 898   0.1834667      -0.1834667     
             46    13.67294        45.64143       -1.370045        1.370045       -35.18182        35.18182       -1.491110        1.491110                 901   -4.385814        4.385814     
             47    2.112778        6.496833      -0.1740238       0.1740238       -3.196401        3.196401      -0.5478526       0.5478526                 464  -0.3388468       0.3388468     
             48    3.262772        10.85699      -0.3905593       0.3905593       -7.291983        7.291983       -2.778371        2.778371                1043   -1.157106        1.157106     
             49    286.5310        405.7506       0.2269737       0.2269737       0.6598801      -0.6598801      -0.2093292       0.2093292                 134   0.7220731      -0.7220731     
             50    24.75196        51.02870       0.3525407       0.3525407      -0.8348159       0.8348159       -4.847417        4.847417                1177   0.2061250      -0.2061250     
             51    6.164096        11.95222       0.5596527       0.5596527      -0.1906413       0.1906413       -3.186053        3.186053                 921   0.2008446      -0.2008446     
             52    2.558948        8.881921       -1.043548        1.043548       -16.50619        16.50619       -2.644348        2.644348                1316   -2.333149        2.333149     
             53    5.295366        10.14953       0.6550542       0.6550542      -0.8878827E-01   0.8878827E-01   -4.045448        4.045448                1087   0.1037206      -0.1037206     
             54    4.883682        12.82933       0.1295615       0.1295615       -1.470494        1.470494       -1.311254        1.311254                 325   0.1007240      -0.1007240     
             55    7.534045        19.70407      -0.1862427       0.1862427       -5.766643        5.766643       -5.533838        5.533838                 618  -0.7779300       0.7779300     
             56    2.892029        10.70141       -1.347774        1.347774       -26.21758        26.21758       -2.963885        2.963885                 705   -3.511254        3.511254     
             57    56.20833        83.80139       0.5539651       0.5539651       0.2768540E-01  -0.2768540E-01   -1.331243        1.331243                 366   0.2551504      -0.2551504     
             58    27.49371        39.01304       0.5946564       0.5946564       0.3980398E-02  -0.3980398E-02   -2.352769        2.352769                 305   0.2355466      -0.2355466     
             59    23.48102        38.34642       0.6240832       0.6240832       0.1226643      -0.1226643      -0.7995020       0.7995020                 475   0.2028230      -0.2028230     
             60    75.12843        123.4427       0.2873631       0.2873631      -0.9105281       0.9105281       -1.284760        1.284760                 456   0.2289328      -0.2289328     
             61    4.327634        11.42903       0.2101716       0.2101716       -1.015863        1.015863       0.3019357E-01  -0.3019357E-01             443   0.1695650      -0.1695650     
             62    1.875725        3.592770       0.5943602       0.5943602      -0.5644453E-01   0.5644453E-01  -0.4474181       0.4474181                 409   0.2096580      -0.2096580     
             63    421.3347        590.3067       0.7197620E-01   0.7197620E-01   0.7326363      -0.7326363       0.2344641      -0.2344641                 778   0.7675819      -0.7675819     
             64    7.179933        16.38088       0.2154872       0.2154872      -0.4161873       0.4161873       -1.264410        1.264410                 949   0.3565208      -0.3565208     
             65    19.29682        29.21581       0.7088124       0.7088124      -0.5801598       0.5801598       -14.74410        14.74410                 335  -0.9800267E-01   0.9800267E-01 
             66    4.519275        10.64900       0.3206312       0.3206312       -5.211383        5.211383       -8.511655        8.511655                 707  -0.7962204       0.7962204     
             67    9.149502        14.68890       0.6844266       0.6844266       0.4846871E-01  -0.4846871E-01   -3.376595        3.376595                 348   0.1393645      -0.1393645     
             68    25.73335        43.53599       0.6986491       0.6986491      -0.1139100       0.1139100       -1.550213        1.550213                 644   0.5617774E-01  -0.5617774E-01 
             69    917.1890        1207.240       0.2018486       0.2018486       0.6741461      -0.6741461      -0.3055102       0.3055102                 184   0.7553697      -0.7553697     
             70    572.0167        777.8660       0.1347931       0.1347931       0.6477520      -0.6477520      -0.2335269       0.2335269                 591   0.7333649      -0.7333649     
             71    25.97477        39.74152       0.6381649       0.6381649      -0.2277707       0.2277707       -8.543240        8.543240                1835   0.2061700      -0.2061700     
             72    19.75989        30.45607       0.4835179       0.4835179      -0.1602077E-01   0.1602077E-01   -3.881288        3.881288                1206   0.3851324      -0.3851324     
             73    21.54962        34.32350       0.5214733       0.5214733       0.3224070      -0.3224070       -2.404556        2.404556                 256   0.3522845      -0.3522845     
             74    82.17282        120.9264       0.5562508       0.5562508      -0.2837578       0.2837578       -3.981586        3.981586                1661   0.2053636      -0.2053636     
             75    233.4044        307.6398       0.5476027       0.5476027      -0.3219637       0.3219637       -4.030734        4.030734                 467   0.2928737      -0.2928737     
             76    40.87609        59.86322       0.3390248       0.3390248      -0.5275258       0.5275258       -3.927250        3.927250                1292   0.3519280      -0.3519280     
             77    14.51585        21.22455       0.4593328       0.4593328       -1.135238        1.135238       -9.001243        9.001243                1528   0.1662812      -0.1662812     
             78    25.07465        37.48378       0.3603569       0.3603569       -1.204150        1.204150       -8.120035        8.120035                1380   0.1425625      -0.1425625     
             79    9.200439        18.83081      -0.5663401       0.5663401       -2.113797        2.113797      -0.4284313       0.4284313                 687  -0.3251370       0.3251370     
             80    12.26135        25.88327       -1.453905        1.453905       -16.82287        16.82287       -15.34069        15.34069                 871   -2.486393        2.486393     
             81    23.69113        39.73032       0.4722416       0.4722416      -0.3270986       0.3270986       -3.786789        3.786789                 582   0.2591784      -0.2591784     
